     [48;2;20;20;20m [0m[38;2;20;20;20m[48;2;220;40;40m▀[0m[38;2;20;20;20m[48;2;220;40;40m▀[0m[38;2;20;20;20m[48;2;220;40;40m▀[0m[38;2;20;20;20m[48;2;220;40;40m▀[0m[38;2;20;20;20m[48;2;220;40;40m▀[0m[38;2;20;20;20m[48;2;220;40;40m▀[0m[38;2;20;20;20m[48;2;220;40;40m▀[0m[38;2;20;20;20m[48;2;220;40;40m▀[0m[48;2;20;20;20m [0m   
    [38;2;20;20;20m[48;2;20;20;20m▀[0m[38;2;220;40;40m[48;2;220;40;40m▀[0m[38;2;220;40;40m[48;2;220;40;40m▀[0m[38;2;220;40;40m[48;2;240;240;240m▀[0m[38;2;220;40;40m[48;2;240;240;240m▀[0m[38;2;220;40;40m[48;2;240;240;240m▀[0m[38;2;220;40;40m[48;2;240;240;240m▀[0m[38;2;220;40;40m[48;2;240;240;240m▀[0m[38;2;220;40;40m[48;2;240;240;240m▀[0m[38;2;220;40;40m[48;2;220;40;40m▀[0m[38;2;220;40;40m[48;2;220;40;40m▀[0m[38;2;20;20;20m[48;2;20;20;20m▀[0m  
   [38;2;20;20;20m[48;2;20;20;20m▀[0m[38;2;20;20;20m[48;2;255;213;173m▀[0m[38;2;20;20;20m[48;2;255;213;173m▀[0m[38;2;20;20;20m[48;2;255;213;173m▀[0m[38;2;20;20;20m[48;2;255;213;173m▀[0m[38;2;20;20;20m[48;2;255;213;173m▀[0m[38;2;20;20;20m[48;2;255;213;173m▀[0m[38;2;20;20;20m[48;2;255;213;173m▀[0m[38;2;20;20;20m[48;2;255;213;173m▀[0m[38;2;20;20;20m[48;2;255;213;173m▀[0m[38;2;20;20;20m[48;2;255;213;173m▀[0m[38;2;20;20;20m[48;2;255;213;173m▀[0m[38;2;20;20;20m[48;2;255;213;173m▀[0m[48;2;20;20;20m [0m 
   [38;2;20;20;20m[48;2;20;20;20m▀[0m[38;2;255;213;173m[48;2;255;213;173m▀[0m[38;2;20;20;20m[48;2;255;213;173m▀[0m[38;2;20;20;20m[48;2;255;213;173m▀[0m[38;2;255;213;173m[48;2;255;213;173m▀[0m[38;2;255;213;173m[48;2;255;213;173m▀[0m[38;2;255;213;173m[48;2;255;213;173m▀[0m[38;2;255;213;173m[48;2;255;213;173m▀[0m[38;2;255;213;173m[48;2;255;213;173m▀[0m[38;2;20;20;20m[48;2;255;213;173m▀[0m[38;2;20;20;20m[48;2;255;213;173m▀[0m[38;2;255;213;173m[48;2;255;213;173m▀[0m[38;2;255;213;173m[48;2;255;213;173m▀[0m[38;2;20;20;20m[48;2;20;20;20m▀[0m 
    [38;2;20;20;20m▀[0m[38;2;255;213;173m[48;2;20;20;20m▀[0m[38;2;255;213;173m[48;2;20;20;20m▀[0m[38;2;255;213;173m[48;2;20;20;20m▀[0m[38;2;20;20;20m[48;2;20;20;20m▀[0m[38;2;20;20;20m[48;2;20;20;20m▀[0m[38;2;20;20;20m[48;2;20;20;20m▀[0m[38;2;20;20;20m[48;2;20;20;20m▀[0m[38;2;255;213;173m[48;2;20;20;20m▀[0m[38;2;255;213;173m[48;2;20;20;20m▀[0m[38;2;255;213;173m[48;2;20;20;20m▀[0m[38;2;20;20;20m▀[0m  
   [48;2;20;20;20m [0m[38;2;20;20;20m[48;2;240;240;240m▀[0m[38;2;20;20;20m[48;2;240;240;240m▀[0m[38;2;240;240;240m[48;2;220;40;40m▀[0m[38;2;240;240;240m[48;2;220;40;40m▀[0m[38;2;240;240;240m[48;2;240;240;240m▀[0m[38;2;240;200;100m[48;2;240;240;240m▀[0m[38;2;240;240;240m[48;2;240;240;240m▀[0m[38;2;240;240;240m[48;2;240;240;240m▀[0m[38;2;240;240;240m[48;2;220;40;40m▀[0m[38;2;240;240;240m[48;2;220;40;40m▀[0m[38;2;20;20;20m[48;2;240;240;240m▀[0m[38;2;20;20;20m[48;2;240;240;240m▀[0m[48;2;20;20;20m [0m 
   [38;2;20;20;20m[48;2;20;20;20m▀[0m[38;2;240;240;240m[48;2;240;240;240m▀[0m[38;2;240;240;240m[48;2;240;240;240m▀[0m[38;2;220;40;40m[48;2;240;240;240m▀[0m[38;2;220;40;40m[48;2;240;240;240m▀[0m[38;2;240;240;240m[48;2;240;240;240m▀[0m[38;2;240;240;240m[48;2;240;240;240m▀[0m[38;2;240;240;240m[48;2;240;240;240m▀[0m[38;2;240;240;240m[48;2;240;240;240m▀[0m[38;2;220;40;40m[48;2;240;240;240m▀[0m[38;2;220;40;40m[48;2;240;240;240m▀[0m[38;2;240;240;240m[48;2;240;240;240m▀[0m[38;2;240;240;240m[48;2;240;240;240m▀[0m[38;2;20;20;20m[48;2;20;20;20m▀[0m 
    [38;2;20;20;20m▀[0m[38;2;20;20;20m[48;2;20;20;20m▀[0m[38;2;240;240;240m[48;2;45;45;55m▀[0m[38;2;240;240;240m[48;2;45;45;55m▀[0m[38;2;240;240;240m[48;2;45;45;55m▀[0m[38;2;240;240;240m[48;2;20;20;20m▀[0m[38;2;240;240;240m[48;2;20;20;20m▀[0m[38;2;240;240;240m[48;2;45;45;55m▀[0m[38;2;240;240;240m[48;2;45;45;55m▀[0m[38;2;240;240;240m[48;2;45;45;55m▀[0m[38;2;20;20;20m[48;2;20;20;20m▀[0m[38;2;20;20;20m▀[0m  
    [38;2;20;20;20m[48;2;20;20;20m▀[0m[38;2;45;45;55m[48;2;45;45;55m▀[0m[38;2;45;45;55m[48;2;45;45;55m▀[0m[38;2;45;45;55m[48;2;45;45;55m▀[0m[38;2;20;20;20m[48;2;20;20;20m▀[0m[38;2;20;20;20m[48;2;20;20;20m▀[0m[38;2;45;45;55m[48;2;45;45;55m▀[0m[38;2;45;45;55m[48;2;45;45;55m▀[0m[38;2;45;45;55m[48;2;45;45;55m▀[0m[38;2;45;45;55m[48;2;45;45;55m▀[0m[38;2;20;20;20m[48;2;20;20;20m▀[0m   
    [38;2;20;20;20m[48;2;20;20;20m▀[0m[38;2;45;45;55m[48;2;220;40;40m▀[0m[38;2;45;45;55m[48;2;220;40;40m▀[0m[38;2;45;45;55m[48;2;220;40;40m▀[0m[38;2;20;20;20m[48;2;20;20;20m▀[0m[38;2;20;20;20m[48;2;20;20;20m▀[0m[38;2;45;45;55m[48;2;220;40;40m▀[0m[38;2;45;45;55m[48;2;220;40;40m▀[0m[38;2;45;45;55m[48;2;220;40;40m▀[0m[38;2;45;45;55m[48;2;220;40;40m▀[0m[38;2;20;20;20m[48;2;20;20;20m▀[0m   
    [38;2;20;20;20m▀[0m[38;2;20;20;20m▀[0m[38;2;20;20;20m▀[0m[38;2;20;20;20m▀[0m  [38;2;20;20;20m▀[0m[38;2;20;20;20m▀[0m[38;2;20;20;20m▀[0m[38;2;20;20;20m▀[0m[38;2;20;20;20m▀[0m   
